Tabla número 0
[[4, -8, 0, -10, -4, 1, -9, -6, 8, 0, -3, -1, 8, 1, 2, 0, -10, 0, 7, -7], [4, -7, 9, 0, 2, -7, 5, -10, -2, 3, 6, -1, -8, 8, 7, 1, -4, -1, 10], [2, -2, 6, 1, -3, -5, -2, 0, 10, 5, 4, 3, 0, -3, -3, -8, -7, -9], [-9, 4, 8, -1, -9, -5, 5, 8, 4, 7, -6, 2, -4, 10, 0, -7, 9], [0, 0, -5, 6, -9, -1, 6, -8, 4, -8, 3, -8, -1, 5, 9, -2], [0, 4, 3, -9, 9, -3, 2, -7, 7, -7, -3, 10, 8, -6, 1], [-6, 3, 0, 0, -7, -2, -10, 7, 7, -6, -9, 0, -5, 3], [-7, -6, 7, 8, 0, -8, -10, -6, 9, 4, -3, 0, 0], [-8, -5, 9, -5, 4, 6, -7, -4, -7, 3, 7, -1], [6, -3, -6, 3, -8, 1, -1, 8, 0, 7, -6], [6, 7, -10, 4, 2, 4, 3, -7, 2, 0], [-3, 1, 9, 4, 8, 8, 4, -3, 3], [5, 8, -8, -3, -9, 1, 1, -6], [4, -7, 7, -6, 0, 4, 2], [-1, 0, 10, 9, 0, -7], [2, -4, 4, 1, 0], [-3, 0, 8, 1], [-10, -1, 0], [4, 3], [6]]
26.808552842865854
Tabla número 1
[[4, 7, -2, 9, -8, 8, 9, -2, -9, 4, -3, -1, 6, -7, -3, 2, 2, 4, -9, 8], [-8, 4, -6, -2, -1, 9, 5, 10, 0, -9, 4, -6, 0, -2, 10, -1, -3, -9, -6], [-5, -8, -5, 0, 9, 6, -8, 3, 8, 7, -3, 7, -9, -3, -6, 6, 1, -6], [2, 1, 10, -3, -5, 0, 7, 0, 7, 4, 4, 3, 6, -3, -2, 0, 10], [0, 10, 0, -1, -8, 1, -3, 5, -10, -9, -3, -1, 3, 0, -10, -4], [-9, -7, 3, -1, -9, 3, -10, 0, 3, -10, -2, 4, 0, -9, 0], [6, -8, -6, -7, -7, -10, -8, 8, -5, -1, 1, -8, -2, 8], [-5, -3, -1, -8, 4, -10, 2, -10, 3, 4, -9, -4, -7], [9, -8, 6, 5, -7, -2, 10, 1, 3, 0, 4, -5], [3, 10, -4, -9, 7, -10, -1, 0, -2, -1, 3], [0, 9, -7, -4, 2, 1, 0, 9, -4, 3], [-1, 8, -2, 0, 4, -10, 3, 2, 8], [-5, -8, 1, -1, -9, 10, 0, -4], [5, -5, -5, 10, 6, 1, 7], [9, 5, 0, 5, 0, 1], [-8, -10, 3, -8, -5], [0, -8, 8, -9], [-3, 0, -7], [3, 7], [-8]]
26.105378666666663
Tabla número 2
[[3, 5, 9, 4, -2, 9, -2, -10, -10, 3, -8, 6, -6, 0, -6, -2, -6, -6, -9, -10], [4, 7, -6, 1, -5, -5, -1, 3, 10, 3, 10, 1, 9, 7, -7, 6, 5, 0, -2], [5, 8, 5, -10, 3, 8, 3, 0, 2, -4, 9, -6, 10, 1, 0, -2, -2, 0], [4, 6, -7, -2, -9, -8, -1, 6, -8, -9, -1, 0, 5, -1, 0, 8, 3], [9, -3, 1, 9, 3, -8, 0, 2, -9, -6, 0, 0, 5, 6, -7, 5], [-4, 6, 6, 0, 8, -6, -3, 4, 0, -4, -8, 0, 0, -10, -8], [10, -3, 10, 3, 0, -8, 8, -5, 2, 3, 5, -6, -5, 0], [3, -1, -4, 7, -3, -6, 0, 9, 9, 8, -10, -10, -3], [9, 0, 10, 0, 5, -8, -9, 2, -6, -8, 1, -3], [0, -1, -9, -8, 0, 0, -9, -3, 9, -1, 0], [1, -10, 5, -8, 1, 5, 0, -5, -8, -1], [9, -4, 3, -4, 3, -10, 7, 7, -10], [9, 0, -2, 0, 3, -2, -9, 5], [-1, -7, 2, -6, 5, -2, 7], [-9, -6, -1, 7, 6, -1], [-9, 3, -9, 6, 6], [4, -5, 0, -6], [-7, -9, 4], [-8, 0], [-1]]
27.010840000000005
Tabla número 3
[[1, 2, 2, 1, 1, 1, -5, -7, 8, 0, -5, -10, 3, 3, -7, -2, 6, 9, -5, -5], [8, -2, 8, -6, 9, 7, -6, -1, -9, 7, 3, -4, 5, 0, -3, 9, -5, 4, 5], [5, -9, 2, 4, -10, -5, 4, 8, 0, -8, 4, 3, -10, 8, -2, -8, 2, 0], [-1, -9, -10, -4, 7, 0, 4, 1, -1, 7, -9, 0, -2, -7, 6, -7, -1], [8, 9, 0, -6, -6, -5, 0, 0, -6, -7, 1, -6, 2, 0, -7, -2], [-1, 8, -8, -2, -4, 2, 2, -7, 3, 0, -8, -3, 4, -2, -2], [7, 8, 1, -5, -5, 1, 3, -6, 3, 9, -8, -9, -9, -2], [9, 7, 7, 3, 9, -2, -6, -6, -9, -9, -7, 5, 0], [9, 1, 3, -1, 10, 4, -1, -2, -9, 2, -3, 3], [-3, 2, -9, -3, -3, 2, 3, 8, 9, 0, 0], [-3, 1, -5, 10, 9, -2, -9, 9, 8, -4], [5, 6, 10, 5, 6, -5, -9, 8, -8], [10, -1, -8, 0, -1, 4, 9, 0], [4, -1, -8, 0, -8, 5, -9], [-8, -1, -4, -5, -10, -2], [7, -6, -4, 0, 9], [-8, 7, 4, 4], [0, -2, -4], [-4, -5], [7]]
26.675250657905078
Tabla número 4
[[-5, -3, -7, 2, -3, 4, 9, -3, -1, -9, 1, 8, -3, 7, 5, 0, 4, 4, 10, 10], [-2, -7, 4, 0, -5, -1, -1, 6, -2, 10, 2, 9, -7, 0, 7, -8, 0, 2, 1], [-6, -8, -7, -8, 10, -4, -3, -3, -3, 5, 10, 2, -10, 2, -6, -8, -1, 10], [-6, 1, -4, -7, 1, 8, 0, 7, -2, -4, -10, 8, -8, 1, -7, 0, 7], [-3, 5, 8, -5, 5, 5, -10, -9, -1, 6, -10, 2, 9, -6, 1, 0], [3, -4, 9, -10, 1, 10, 4, -5, 3, 4, -3, -9, -9, 7, 3], [-10, 7, 1, -6, -9, 0, 4, 3, 0, -5, 9, -5, -6, 4], [4, -3, 1, 8, 3, 4, 7, 1, 4, 1, 1, 6, -1], [-8, 0, 0, -3, 0, -7, 4, 1, -6, 3, 6, 3], [-7, 7, -9, -7, -2, 9, 8, -9, 10, -6, 7], [-6, -8, 2, -8, 8, 6, -4, 3, 8, 4], [-3, -3, -9, -6, -2, 7, 5, 3, 4], [6, -9, 1, 5, 7, 9, -8, 6], [-1, -6, -10, 0, -10, 10, 0], [9, -10, 4, -4, -4, 4], [-10, -6, 0, 0, 0], [-9, 3, -5, 7], [9, 0, -10], [-5, -8], [-7]]
25.792799999999996
Tabla número 5
[[3, 6, 4, 7, 8, -6, 8, -9, 7, 0, 8, 7, 7, -6, 1, 5, -5, 10, 3, -3], [9, -1, -9, 4, 9, 0, -6, 1, -3, 5, 0, 8, -7, 0, 0, 9, -9, -1, 0], [-2, 7, 9, 8, -9, 10, 0, -3, 1, 6, -1, -9, 6, 5, -5, -9, 0, -6], [4, 7, 4, 4, 6, 1, -3, -2, 10, -4, -5, 4, -6, 3, 7, -1, 9], [5, 10, -3, -8, 6, -10, 6, -3, -3, -3, 8, -2, -3, -10, 9, 0], [-1, -4, 6, 4, 6, 9, -4, 6, -10, 2, -7, -3, -5, -10, -8], [5, 6, -2, 1, -1, 0, 4, 9, 5, 10, 9, 10, 10, 9], [8, -2, -10, -3, -9, -5, 8, -8, 9, 2, 0, -10, 9], [-7, -3, 6, 7, -10, -5, -3, 10, -5, 1, -9, 8], [-1, 2, -3, -3, 0, 9, 1, -2, -2, -8, -1], [-7, -9, -3, 3, -6, -8, -3, -5, -4, -2], [0, -8, -10, -3, 5, -1, -7, -6, -4], [4, -3, 10, 0, 0, -8, -10, 1], [-9, 2, 8, 8, -6, -2, -3], [-5, -10, 3, 1, -5, 6], [4, 4, 0, -10, -7], [0, -9, -8, 2], [0, -1, 10], [4, -2], [0]]
27.28077654432483
Tabla número 6
[[-6, -1, 1, 2, 1, -1, 9, 4, -4, -10, 9, 10, 4, -5, 7, -5, 7, -3, -4, -3], [-5, -1, -9, 6, -1, -10, 4, -4, 0, 1, 9, -2, -1, 2, 5, 0, 0, 3, -7], [-10, -10, 1, 4, 5, 1, -4, 7, 0, 9, -10, 9, -4, -6, 0, 7, 1, 0], [8, 9, -5, -2, -9, 4, -1, -2, -10, 0, -6, 4, -9, 10, 9, 2, 0], [1, -5, 0, -5, 3, 9, -6, -7, 9, 9, 5, 9, 2, -9, -8, 9], [-1, 3, 10, 1, 0, 4, 10, 7, -5, 0, -8, -5, -10, -4, 3], [1, 6, -1, -4, 8, -7, 10, -10, -4, 5, 4, 3, -1, 1], [1, -7, -7, -3, -6, 7, 0, 3, 7, 0, -10, 3, -5], [4, -6, 1, -6, -3, 0, -9, 5, -5, -5, -1, -2], [-1, -2, 2, 1, -3, -2, -9, 6, 4, -10, 2], [0, 1, 5, 9, 1, 0, -1, -7, 6, -4], [4, 1, -10, -7, 5, -9, 1, 3, -9], [-6, -10, -10, -1, -5, -7, 4, -7], [-2, 0, -7, 1, 9, -1, -10], [-7, -5, 2, -8, -5, 1], [-9, 6, -8, -8, 2], [4, -4, -5, 9], [1, 6, 7], [3, 8], [-9]]
27.629279111111114
Tabla número 7
[[4, -8, -9, 1, -9, 2, 4, -3, 5, 2, 7, -4, 1, -5, 0, 6, 8, 4, 6, 10], [2, 7, -10, 10, -3, 9, -5, 2, -4, -4, 2, -8, 7, 7, -5, 0, 2, 9, 0], [-3, 2, 4, 2, 9, 2, -9, 9, 7, 0, -5, 9, -4, -7, 8, -1, 9, -8], [-3, 10, 4, 8, -7, -4, 2, 1, -9, -1, 10, 3, 2, 0, -5, 10, 0], [5, -4, 5, -4, 5, -3, -2, 7, 0, -10, 0, 3, -3, 0, 6, 0], [1, 0, 2, 0, -7, 7, 10, 1, 9, -2, -8, 5, 1, 3, -4], [4, -1, 6, -6, -3, 0, 2, -3, 4, 1, 0, 0, -10, -6], [0, 6, -6, -9, 3, 0, 0, -10, 7, -10, -5, 5, -8], [3, 0, -2, 0, 10, 0, 8, -4, 3, -7, -2, 10], [-7, -1, -3, -6, 1, 9, 8, 8, -9, 0, -10], [9, -1, 9, -8, -9, 10, -3, 9, 0, 8], [-1, -10, 5, -7, 9, 9, -2, -8, 7], [-1, -7, 10, -6, 0, -7, 9, 0], [7, 6, 1, 0, 8, 6, -6], [1, -1, -7, 7, -5, -3], [0, 0, -2, -5, -5], [-7, -8, 7, 0], [-9, 5, 6], [4, -10], [3]]
26.301545777777783
Tabla número 8
[[5, 10, -6, 10, 3, 0, 1, -4, -6, 8, 0, 8, 9, 8, -5, 9, -9, 8, -4, 3], [-4, -6, 2, -3, 5, -6, -10, 6, 1, 0, -9, 1, 9, -6, 3, -9, 8, -10, 10], [-4, 8, 3, -8, -8, 6, -5, 5, 6, 5, -5, 5, -4, 4, 3, 2, -1, 0], [-1, 4, -6, 4, 2, 5, -10, 7, 6, -2, 8, 7, -10, -9, -3, 6, 2], [7, 4, -7, 2, 6, -1, -9, 8, -2, -1, 5, -10, 5, 0, 10, -5], [-7, 4, 4, 3, 2, 10, 0, 5, -3, 7, -10, -10, 2, 8, -2], [9, 5, -4, 2, 1, 3, -10, -5, 0, 8, -2, 0, -8, 10], [-6, 4, 7, 0, -4, 7, -9, 2, 5, 4, -9, -1, -5], [9, 0, -3, 1, 0, 8, 3, 7, 6, 1, -1, -2], [1, 8, 4, 1, -7, -6, 10, -10, 1, -6, -6], [-5, 1, -9, 1, 7, 8, 10, 4, 3, 0], [-4, 0, -10, -3, -10, 0, 6, -9, 0], [-5, 8, -8, 10, -5, -1, 5, -5], [0, -10, -7, -4, 3, 7, 3], [6, 0, 10, 0, 6, 0], [8, 4, -3, -6, -6], [-9, 2, -4, 10], [-5, -3, 10], [-5, 10], [7]]
27.00977654432483
Tabla número 9
[[7, -10, 7, -5, -2, -7, -10, 8, 2, -4, 8, -9, 7, -7, 7, 6, 0, -5, 3, 1], [1, 7, 5, 8, 7, 10, -1, -9, -4, -10, -7, 0, -1, -9, -5, -5, 0, -4, -4], [-6, -1, -5, -9, -2, -1, 10, -5, 1, -9, -5, 8, 4, -7, 9, 3, 5, 0], [-10, -2, 2, -8, -9, -5, 0, -8, 0, 3, -6, 2, 2, -7, -8, 8, 0], [3, -5, 1, -1, 10, -5, -10, -9, -10, 0, 5, 6, 7, -10, -4, 3], [6, 3, 10, 6, -8, 0, 10, 4, -9, 6, -1, 8, -1, 1, 10], [1, 10, -7, 8, 1, -5, -7, -8, 7, -6, 7, 8, 8, 5], [3, 7, -4, 1, 0, -8, 8, -9, -10, 4, 10, 4, 7], [-9, -5, 10, -10, 3, -4, -9, 3, -8, -2, 10, -2], [1, -4, -1, 1, -8, -9, -3, -6, 5, 0, -8], [0, -3, -6, 0, 10, 10, -1, -10, -1, 0], [5, -8, -1, 8, 5, -8, 3, 3, 5], [-6, 1, -9, 0, 10, 9, 0, 0], [-1, 8, 0, 8, 9, 0, 5], [1, 7, -6, 7, -1, 7], [-4, -9, -7, -10, -1], [-10, 8, -5, 2], [5, 3, 3], [-2, -5], [-9]]
26.871408888888887
Tabla número 10
[[4, 4, 1, 4, -10, 5, -1, 4, 10, 10, -1, -8, -3, 10, -2, 8, 1, 10, -6, -8], [-6, 4, -6, 1, 2, 7, -9, 3, -6, -9, -7, -9, 6, -10, -7, -2, 7, 0, -10], [-4, 5, 0, -7, -2, 6, -10, 4, -10, 0, 0, 10, -10, -3, 9, 4, 4, -1], [1, 0, 4, 9, -4, 5, 0, 1, 0, 0, -1, -9, 7, 8, -5, -9, 4], [7, -3, 4, -2, -8, -4, 2, -8, 10, 5, 6, 4, -9, 0, -8, 9], [-8, -5, 1, 8, 0, -5, 0, 4, 2, -1, 0, 0, -8, -5, 10], [8, -5, 0, -6, -8, 6, -5, -4, -7, 5, -3, -3, 6, -1], [-3, -8, -7, 7, -4, 2, -5, 0, 7, 0, -5, 2, 5], [-7, 9, 0, 1, -10, 5, 10, -6, 6, -10, 4, 5], [9, 6, -1, 7, 4, 7, 8, -8, 9, -1, -10], [-5, 7, 0, 5, 10, -8, 4, 3, 3, 0], [9, 10, 0, 0, -8, 7, 1, -2, 3], [4, 8, -4, 6, -4, 0, 0, 2], [9, -6, -6, -10, -7, -1, -9], [-2, 0, 4, 0, 2, -3], [5, 5, -8, -1, 4], [1, 8, 2, 3], [-3, -9, -7], [-5, -9], [-10]]
26.939311676488337
Tabla número 11
[[-2, -10, 1, -8, -4, 1, -1, 4, 8, 3, 1, 9, 9, -7, -8, -7, -2, -1, -8, 8], [-6, 6, 2, 6, -1, 0, 4, 10, 0, -3, 0, -9, 0, 9, 6, 0, 5, -6, 0], [-1, -8, 1, -1, 5, 6, 4, 5, -5, -3, 7, 0, 0, -1, -10, 6, 0, 10], [1, 5, 1, -7, 1, 2, 4, 0, -4, 8, 1, -2, 1, -8, 7, 9, -6], [6, 5, -1, -6, -9, -3, -1, 1, 0, 10, -7, -7, -7, -10, 0, 4], [-6, 2, 0, 1, 10, -5, -8, 9, -2, 1, 6, 7, -2, -6, 9], [6, -7, 7, -8, 4, -1, 0, -10, -9, 0, 7, -10, 1, 6], [5, -6, 0, 2, -4, -8, -7, -2, 8, 4, 10, 5, 0], [-7, 1, -7, 0, 9, -6, -3, 8, 2, 0, 0, 4], [-8, -10, -1, 8, -6, -7, 2, 10, -8, 4, 7], [5, 0, 10, -6, 9, -6, 1, -6, -9, -5], [-5, 1, -10, -10, 8, 1, 0, 0, 0], [8, -5, -9, 9, 8, 0, -4, 0], [8, -3, 0, 2, 4, -5, -1], [-9, -4, 9, -2, 6, -1], [3, 2, 6, 8, 9], [-9, -3, -6, -1], [4, 7, -8], [-8, -3], [-1]]
26.497867259259262
Tabla número 12
[[1, 7, -6, 4, 0, 2, -2, 2, 5, -5, 3, -2, -6, -5, 9, -3, -1, -3, 0, 3], [-10, 2, 10, -8, 0, -8, -7, -8, -5, 4, 1, -2, -3, 9, -3, -6, -6, 4, -8], [3, 7, -9, 6, 10, 7, 0, 2, 1, 9, -5, -5, -3, -6, -2, 9, 0, 6], [-8, -5, 6, -9, 6, 6, 4, 3, 3, 1, 3, -3, -2, 10, 7, -5, 8], [6, 4, 9, 9, 10, 0, -6, -4, 7, -1, 0, 1, 4, -9, 8, -1], [0, 9, 8, -6, -8, -10, -6, -8, -5, -8, -9, 0, 7, -8, 6], [-2, -3, 3, 8, 0, 5, 1, -8, 0, 5, -5, 1, 10, 8], [7, -7, -5, -6, 10, 10, 2, 6, -4, 0, 8, -8, -5], [-2, 0, 7, 6, 7, -10, -6, 10, 2, 8, -6, -2], [10, 3, -10, 10, 1, 0, -2, 2, 4, 6, 0], [9, -3, 6, 7, -4, -4, 5, 10, -4, 2], [8, 1, 1, -7, -3, 5, 3, 0, -3], [-5, -4, 9, 10, -5, 0, 3, -6], [-4, 10, -4, 6, -8, -2, -5], [-9, -5, 2, 2, 3, 9], [7, -2, 7, 4, 0], [-4, 8, 1, 6], [5, 5, 0], [-6, 4], [5]]
26.824018666666667
Tabla número 13
[[-3, 7, 5, 10, -8, -9, 2, 3, 3, -2, -1, 1, 0, 4, 3, -10, 0, 3, 0, -3], [8, -8, 3, 7, 0, 9, 0, 1, 7, -10, -8, 3, 6, 4, -3, 4, 2, -7, 7], [2, -5, 3, 4, 1, 7, 6, 0, -5, 4, 7, 0, 0, -4, 1, -9, 3, -6], [3, 9, 1, 2, 5, -10, 3, 4, -9, 0, -10, -6, -1, -9, -8, 3, -3], [5, -10, 3, 7, -4, -6, 1, 2, -2, 10, -8, -7, -1, -5, -7, 9], [0, -7, 9, 10, 9, 2, 5, 0, -6, -10, -7, 5, -10, 0, -4], [-10, 8, -8, 7, 2, -9, -6, -5, 10, 2, 9, 0, -8, 2], [6, 0, 3, -9, 8, 5, 7, -3, 1, -9, 0, -3, -9], [2, -3, -1, 2, 0, 8, -9, 7, -1, 7, 9, -8], [9, -10, 0, 0, 8, 7, -4, -1, 0, -8, 0], [10, -9, 10, -5, -1, -8, -10, 5, -3, -3], [5, 6, 0, 3, -7, 6, -6, 7, -9], [0, -5, -1, 10, 7, -2, -5, -9], [-6, 5, 6, -5, -3, -9, 1], [1, -9, -2, 9, 5, 6], [6, 0, 5, 7, 9], [-8, 9, 3, -1], [4, -3, 9], [5, -10], [4]]
26.981243210991497
Tabla número 14
[[3, -7, 2, -4, 4, -1, 5, 0, 8, 0, -1, -10, 3, 8, -9, 1, -1, -3, 4, -9], [-5, 4, -3, 4, -2, -6, 3, -2, -7, 1, 6, 2, 0, 7, -5, 9, -1, 5, -8], [-3, 5, -2, -7, -6, 4, 2, -3, 9, -1, 3, 1, 1, 10, 0, 0, 2, -8], [-8, 6, 0, 9, -3, 10, 0, 1, -6, -2, 4, 6, -7, 0, 3, 0, -4], [3, -1, 4, 6, -8, 2, 0, 1, 5, -8, 0, 0, 3, -4, -5, -9], [-8, 10, -8, 4, 3, 4, -1, 6, 6, 8, -10, 3, -1, -3, 1], [6, 6, -1, 9, 0, 7, 2, -2, 0, 4, 8, 2, 0, 5], [4, 9, -5, 0, 6, 10, -1, -4, 0, -8, 9, 0, -1], [-4, -1, -10, 4, -7, 7, 0, 10, -3, 7, 7, -3], [9, -1, -3, 7, 2, -9, 0, -8, -9, -10, -10], [-4, 10, -8, 2, 9, 0, -10, -9, 0, 9], [0, 5, 2, 2, -5, 10, 1, -3, 6], [7, 9, -4, 3, -9, -6, -2, -9], [10, -9, 0, -9, 6, 3, 0], [10, -7, -7, -7, 10, -3], [2, 1, 2, 3, -3], [8, -3, 1, -10], [6, 0, -9], [8, 4], [-4]]
27.26354577777778
Tabla número 15
[[9, -6, 0, -1, 6, -4, 10, 0, 4, 6, -8, 8, 2, -3, 1, -7, 1, 0, -2, -4], [10, 1, 8, -5, 1, 9, 3, 2, -4, 6, -3, 3, -4, 4, 5, -10, 7, 0, 6], [-5, -5, 10, 9, 5, -2, 7, -2, 2, 5, -7, -2, 10, -1, -3, 9, 6, 1], [7, -5, -1, 3, 1, 0, 6, -5, -5, 3, 4, 8, 2, 0, 2, -3, 3], [-10, -7, 8, 7, -3, 3, 0, 2, -9, 0, -9, 1, -1, -8, -3, 4], [-10, 0, -4, 1, -6, 2, -3, 10, 0, -2, -7, -4, -1, 0, 5], [6, 1, 0, 1, 4, -10, 5, -3, 10, -4, -3, 10, -10, 9], [-9, -10, -3, 0, -6, -10, 4, 0, 0, 0, 3, 2, 0], [4, 7, 10, 9, 6, 9, -5, -6, -8, 4, -4, -4], [9, 9, -5, -3, 10, -8, 0, 5, -8, -7, 5], [2, -1, 3, 6, 9, 9, 4, 0, -9, 7], [3, -7, 2, -1, -1, 4, -5, -9, -2], [0, 5, -6, -2, -9, 2, -10, 5], [5, 0, 5, -4, 8, 0, -9], [-4, 3, 4, -6, 0, 3], [-3, -8, -10, 2, 7], [0, 9, -7, 2], [1, 6, 0], [-4, 4], [4]]
25.242112
Tabla número 16
[[3, 1, 10, 8, 6, -4, 9, -6, 6, 6, -3, -9, -7, 2, 0, -7, 3, 10, -8, -4], [3, 9, -7, -10, -9, 3, -6, 2, 0, 10, 4, 0, 8, -8, 2, 0, 0, 0, -1], [1, -6, 7, 1, 4, 7, -6, 0, 7, 1, -5, 3, -9, 2, -1, -1, -7, 8], [3, 5, 4, 8, -9, 9, -3, -7, 9, 7, -3, -2, 0, -5, 0, -8, -10], [9, 6, 4, -8, -3, -4, -4, -10, 0, 0, -4, 4, -3, 9, -8, 10], [-5, 8, -4, -10, 1, 3, 9, 0, 8, -2, 5, 2, 9, 6, -5], [7, -10, -9, -10, -5, 0, -9, 0, 8, 7, 0, 6, -4, 6], [10, 7, 7, -3, 2, 0, -1, -4, -8, -6, -10, 8, -3], [-6, -4, 0, 2, 0, 6, 10, 0, 3, -3, 5, 3], [-1, -4, 10, -10, -8, 7, 4, 0, 8, 0, 0], [9, 8, 6, -5, 7, -6, -5, 1, 0, 10], [-4, -10, 5, -4, 0, -1, 9, 1, -3], [8, 9, 1, 2, -7, 9, 0, -8], [-1, 8, -10, -9, -2, 0, 8], [10, -7, 0, 3, 4, 2], [-4, -8, -10, 9, -3], [2, 1, 5, 0], [-8, -4, -3], [-6, 5], [-1]]
26.395145777777778
Tabla número 17
[[10, -2, 0, 3, 6, 3, -9, 7, 4, -1, -1, 9, -1, -10, 7, 9, 4, -3, 0, -1], [3, 5, 3, 3, 6, 4, -1, 2, -8, 0, 3, 9, 0, 10, 1, 6, -1, -10, -4], [-9, -7, 0, 8, 3, 6, 10, 5, 1, -2, 1, 4, -5, 0, -1, 7, 4, 0], [-7, -4, -1, -10, 3, 10, -7, 0, -7, -8, -1, 10, -1, 1, 0, 6, -2], [4, 8, -1, -7, 3, 8, 0, -7, 9, -8, 7, 9, -7, 7, 2, 2], [-5, 0, -8, -9, 0, 2, 1, 8, -9, 5, 3, -3, 0, -7, -2], [-7, 3, 4, 1, 0, 7, 0, 0, 4, 1, -2, 1, 3, -7], [-1, 1, 2, 2, 1, 3, 3, -10, -2, -4, 3, 9, -7], [-1, -4, 9, 1, -10, 4, 10, 8, 4, 2, -9, 0], [-3, -1, 7, 1, -5, -5, -6, 2, 0, -6, 7], [8, 5, 9, -7, 6, -4, 7, 8, -6, 9], [-6, -9, -2, 6, 7, 7, -9, -7, -6], [-2, -8, 8, -6, 9, -6, -3, 3], [-5, -8, 6, 5, -4, -9, 4], [3, 10, 1, -1, -2, -9], [-8, -9, 8, 1, 10], [0, -9, -1, -4], [0, -8, -8], [0, -9], [2]]
26.22937866666667
Tabla número 18
[[-9, -1, 0, -4, -8, 3, -6, 10, 0, 8, 2, 8, -7, 9, 2, -9, 4, -6, 7, 4], [-6, 9, -3, 6, -3, -4, -7, 8, 6, -7, 3, 5, -6, 6, 10, -8, -8, -4, -8], [-8, 6, 8, -6, -5, -9, -3, 8, 5, 3, -1, -3, 8, 4, -3, -2, 4, 10], [5, 2, -1, 4, -4, 1, 10, 4, 9, 6, 1, 0, 1, -9, 3, -4, 7], [-7, -1, 0, 1, -2, 0, 4, 0, -3, 1, 3, -4, -8, -4, -8, -3], [-10, 5, -6, 5, -5, 0, 2, 8, 5, -8, -6, -2, 4, -4, -1], [9, -2, 4, 1, 7, 0, -10, -2, -5, 3, 9, -2, -6, -3], [9, -7, -10, -7, -9, 0, -6, 10, 8, 4, 6, 6, -3], [4, -6, -10, -7, 9, -4, 8, -2, 0, 5, 5, -8], [-9, -6, -6, -2, -6, 0, -4, -3, 0, 0, 5], [-1, 2, 8, 9, 0, 5, -3, 9, -2, -4], [2, 5, 10, 0, 0, -4, 9, 3, 0], [2, 3, 2, 4, 1, -3, 7, -2], [10, -2, 1, 5, 1, 3, -7], [4, 1, 4, -5, 4, 5], [9, -2, -7, 8, 8], [-2, -10, 10, 8], [8, 1, 5], [-3, 3], [3]]
26.449752
Tabla número 19
[[5, 7, -5, 2, 1, 3, -6, -8, 7, 5, -3, -6, 5, 9, -2, -2, 6, 5, -1, 2], [6, -7, -3, 6, -1, -2, 5, -4, -10, 9, -7, 0, 8, 4, 6, 0, -7, -9, -10], [4, -6, 7, -8, -10, 4, -1, -2, 0, -7, 7, -4, -9, 5, 2, 6, 5, -2], [6, 4, 3, 9, -4, 10, 0, -8, -9, -1, 0, 5, -7, 2, -6, -6, 0], [0, 1, -10, 4, 9, 5, -6, 10, 4, -3, -7, 3, -4, 1, 1, -8], [1, -2, 9, 8, -4, -1, 7, -5, 2, 4, 5, -9, -10, 6, 0], [9, -9, -2, 3, -4, 0, 0, 1, -5, -3, 1, -8, 10, 1], [8, 9, 2, -2, -1, 0, 5, -3, 7, -6, -3, 10, -1], [9, 7, 8, -2, 8, 0, 0, 0, 7, -4, -2, 0], [-6, 3, -10, -3, 8, -10, -2, 2, -10, 10, 4], [-5, 7, 8, -7, -7, 9, -3, -2, -5, -1], [-9, 3, 4, 0, 0, -8, 7, -2, -1], [3, 8, 10, 1, -4, 0, -4, 5], [-8, 4, -3, 10, -6, 8, 10], [5, 9, 0, 6, 2, -8], [4, 3, 5, 9, 4], [-5, 2, 0, -6], [5, -5, -1], [-8, -1], [7]]
26.37002311111111
Tabla número 20
[[6, 5, 4, -5, -2, 2, -3, -5, -9, -7, -1, 2, -9, 5, -8, -5, 9, 0, -5, -7], [0, -5, -6, -7, 8, -4, -8, -7, -5, -6, 3, 6, -10, 4, -10, 4, 10, 6, -5], [-1, 3, 10, 3, -6, 5, 7, -3, 0, 8, -3, -6, 4, -8, -5, 3, 0, -9], [-5, 9, -9, 1, -3, -6, 10, -6, 4, 2, -9, 2, -2, -8, -10, 10, -7], [5, -1, -9, 8, -4, 8, -8, 1, 5, 6, -7, 1, 0, 2, -9, 10], [-2, 1, 4, -5, -9, -7, -1, 4, -9, -8, 10, 0, -5, 6, 7], [0, -1, 3, -4, -1, 9, -7, 0, -1, 5, -4, 8, -9, -9], [-3, 3, 0, 4, -3, -6, -7, -2, 9, -7, -1, 1, 8], [7, -9, -7, 5, -6, 6, 0, -3, -9, 5, 4, 2], [9, -1, 8, -7, -7, 7, 0, -4, 7, -7, -3], [-9, 4, -7, -8, -3, -4, -7, -8, -2, -8], [-2, -7, 1, 0, -6, -8, 0, -5, -4], [-7, 0, 0, -6, 3, -6, 7, 4], [-1, 3, 6, -6, -1, 10, 10], [7, 8, 2, -3, 5, -8], [-7, -10, -2, 3, 3], [-1, 0, 6, 0], [1, -6, 7], [0, 5], [-3]]
26.29053333333333
Tabla número 21
[[7, 9, -7, 0, 3, -5, -3, 0, 5, 1, -4, 7, -1, -6, 2, -6, -9, -3, -2, -6], [-2, -6, -10, 2, -4, -5, 6, 6, -1, 1, -10, -8, -9, 10, -10, -1, 3, -5, 9], [5, 8, -4, -7, -10, 1, -6, 8, 8, -5, -8, -10, 7, -2, 7, 6, -8, 0], [0, 10, 5, 8, 1, 9, 9, -5, 2, -3, 0, 7, 1, 6, 6, -7, -5], [3, -5, -8, -1, 1, 1, -4, 5, 10, -4, -1, 2, -4, -1, -1, -10], [4, -3, 9, -9, -2, -6, -5, 3, 1, 0, -2, 0, -8, -8, -7], [-9, 7, 4, 1, 9, -10, 7, -2, 9, 2, 7, -10, -8, -4], [3, 2, -8, 8, 0, 7, 10, 10, 1, 8, 2, 1, 1], [1, 5, 0, -3, -9, 1, 8, 8, -6, -4, 10, 2], [5, -9, -1, -8, 8, -8, -3, -9, 1, 3, 8], [-1, 3, 3, 5, -4, 7, 4, 6, 6, -2], [0, 4, 6, -10, -8, -10, 7, 2, 9], [-1, -9, 0, -3, -5, 9, -8, 9], [-4, -2, -9, -3, 4, 10, -10], [10, -10, -5, 2, 1, 9], [0, -6, 0, -10, -7], [8, -3, -4, -5], [-10, 0, 0], [7, -9], [-10]]
25.212066666666676
Tabla número 22
[[-6, 1, 9, 4, -10, 0, -3, 3, 4, 5, -10, -8, 6, 2, 7, 0, -8, -9, -4, -10], [5, 6, 5, -5, -9, -6, 3, -1, 0, -7, 0, -6, 3, 1, 7, -9, -3, -5, -6], [-8, 0, -4, 7, 9, 1, 10, 0, 7, 4, 8, -6, 5, -2, 7, -4, 9, 3], [8, -7, -1, 5, 4, -3, 1, 4, -8, -8, 0, 2, -1, 2, -9, -1, -10], [5, -1, 2, 3, 3, -1, -7, 6, -9, 9, -2, 5, 6, -7, 3, 1], [3, -2, 5, 10, -4, 4, 8, 0, 10, 8, 3, -3, -4, 6, 0], [8, 8, -8, 5, -7, -9, 10, 10, 6, -9, 4, 9, -10, -10], [3, -9, 5, 6, -3, -4, -10, -4, -8, 4, -1, 4, 9], [6, -6, -5, -6, -4, -8, -4, 0, 1, -1, 4, 8], [1, -10, 7, -10, 8, -5, 8, 0, -5, -2, 1], [-1, -1, -6, 2, 9, -8, 10, -8, -8, 9], [-8, 8, -6, 9, -4, 0, -7, -5, 0], [4, 5, 9, 8, -8, -9, -8, -10], [8, 1, 1, 4, 0, 0, 0], [-4, -6, 3, -8, 0, -9], [0, -1, 10, 6, 9], [-5, 10, -10, 7], [8, 9, 0], [7, -8], [9]]
25.0704
Tabla número 23
[[1, -9, 4, 8, -9, 1, -8, -7, -3, 6, 9, 1, 8, -1, 4, 0, -8, 0, 7, 4], [3, -4, 9, -3, 8, 1, -2, 10, 5, 2, 2, 1, 7, -3, 6, 8, 0, -3, -2], [-9, -6, 1, -10, -8, 8, -3, -9, 8, 5, -9, 4, 1, 4, 2, -4, -2, -6], [4, 3, 3, 8, 5, -6, -5, 2, -4, 4, 0, -6, 10, 0, 10, 5, -2], [4, 1, -9, 0, 8, 10, 2, -6, -2, -7, 3, 9, 0, 5, 0, 9], [2, 1, 0, 0, -7, -8, -5, 10, 0, 8, 1, 9, -2, 3, 3], [-9, -7, 4, -9, 8, -2, -8, 8, 8, -5, -7, 4, 4, 0], [1, 7, 1, 0, -4, -6, 4, 0, -7, -7, -9, 0, 9], [4, -3, 6, -6, -9, 5, 3, 3, -9, 5, 1, 10], [8, 6, 0, 1, -5, -9, 2, -10, -7, -3, -1], [1, -4, 4, -4, -5, 5, -10, -8, 8, 3], [-6, 9, -3, 1, 10, -7, 6, -8, -4], [0, -7, 2, 5, 5, 2, 6, 2], [-5, -9, -6, 1, 4, 10, 7], [-3, 10, 5, -1, 0, 4], [8, -3, -1, 2, -2], [9, -1, 0, 6], [-4, 6, 4], [-6, -8], [-1]]
27.218291778106998
Tabla número 24
[[-1, 4, -4, -10, -8, -8, -10, 10, 0, -7, 7, -10, 0, -6, 9, 10, 0, 1, -2, -5], [0, -5, -3, 9, -7, 4, 6, -6, -3, 10, 0, -3, 0, 1, 9, 8, -7, -6, -4], [4, 4, -3, 1, -9, 4, -4, -1, -5, -8, 0, -5, 2, -5, -5, 3, 8, 8], [-4, 5, 5, -4, 6, 1, 0, -3, 3, -2, -7, -6, 5, 2, 10, 7, 7], [6, 3, 4, -3, 5, -5, 3, 1, 7, 9, 2, -5, 8, -9, -5, -3], [-4, 5, -6, 2, 5, -2, 8, 5, 9, -1, -6, 8, -2, 2, 3], [3, -5, 3, -3, 7, 0, -2, -3, 0, 2, 6, 4, 0, 0], [2, 9, -6, -7, -1, 10, 5, 0, -5, 4, -5, 8, 4], [-10, -10, 10, 1, 7, -10, 4, 0, -2, 0, -8, 2], [-2, 0, 10, 0, 4, 4, -5, -6, 4, 0, 0], [-5, -1, -3, 5, 9, -2, 0, 3, 0, 10], [1, -3, 3, -6, 6, 8, -3, -5, -9], [5, -10, 4, 3, -5, -6, -4, -2], [-1, -6, 0, -5, 5, 5, 1], [5, 1, -8, 6, -6, 2], [-5, 0, -6, 9, -4], [-2, -5, -5, 8], [-8, -8, -3], [-9, 5], [-1]]
25.607747259259266
Tabla número 25
[[-2, 1, -6, -8, 10, -9, 6, -8, 0, -2, 0, 6, -9, 0, 1, 0, -8, -8, -2, -8], [0, 7, 0, -6, 4, 3, -6, -4, 8, -5, 3, 5, 2, 1, 4, 2, -3, -8, 4], [-2, 10, 9, 7, 6, 8, -9, 8, 2, -6, -5, -7, 4, -10, -4, 8, 7, -10], [-1, 6, 9, 3, -10, 1, 8, 9, -1, 0, 5, -1, 9, 3, 7, -6, -2], [3, -2, 5, 1, -5, 6, 1, -2, 1, 4, 0, -10, 5, 8, 0, -1], [-6, 9, 2, -6, -8, -7, 7, -8, 10, -9, -8, -5, 6, 2, 8], [-2, -10, -10, 5, -6, 2, -7, -7, -6, -6, 6, -4, 10, 1], [9, 2, -3, 10, 10, 8, -8, 2, -3, 0, -9, -7, 1], [10, -4, 3, 7, 4, 10, -2, -6, 9, 1, 1, 6], [5, -9, 1, 0, 1, -4, 5, -3, -3, -7, -6], [-8, -8, 5, 6, -5, -5, -1, 8, 3, 0], [0, 3, -5, -4, -6, -10, -4, 8, -1], [1, 3, -9, 5, -8, 6, -7, -2], [0, 4, -7, 2, -9, 10, -4], [0, 7, 10, 8, 7, 1], [-3, -8, 4, 9, -4], [-1, -6, -8, -6], [-5, -8, 9], [-1, 3], [7]]
27.90433333333333
Tabla número 26
[[6, 5, 1, -2, 1, -1, -4, 5, 7, 1, 0, 0, -10, -5, 8, 0, -6, -9, -9, 2], [-1, -2, -10, 4, 4, 8, 8, 0, 4, 0, 1, 5, 10, -6, 6, 8, -10, 0, 0], [1, 9, 7, -9, -7, 3, -5, -5, 5, 3, 0, 2, -2, 0, 9, 0, 8, 4], [1, -9, 8, 4, -5, 5, 6, -9, -8, 7, 6, 3, -4, 8, 1, 4, -9], [2, -3, -6, -6, -1, -7, -4, -5, -3, -7, -5, 0, -6, 5, -6, 0], [4, -5, 0, -2, 4, -8, 8, 4, 8, -3, 8, 7, 1, -2, 3], [1, -4, 4, -2, -7, -5, 0, -8, 0, 4, -4, -10, -7, 1], [-8, -4, 5, -10, 8, 3, 2, 7, -2, -4, 1, 0, -7], [8, 9, 6, -7, 6, 0, -1, -4, 0, -5, -8, 9], [-5, -8, 5, 3, -3, -9, -10, 4, 4, 9, -3], [4, 3, 1, 0, 8, -2, 7, -2, -7, -7], [-3, 4, -7, 10, 8, 0, -6, -10, 4], [-3, 4, 5, 7, -8, -2, 8, 1], [6, -7, 2, 8, -1, -4, 0], [-8, 9, 6, 0, -7, 0], [5, 4, 3, 2, -6], [0, 10, -6, -7], [-1, 0, 4], [-1, 7], [8]]
24.86473333333333
Tabla número 27
[[-7, 1, -6, -2, -7, 4, 4, -10, -2, -6, -7, -10, 4, -5, -2, 10, 7, -9, 10, -7], [-3, -8, 1, 3, -5, -5, 10, -4, -8, -6, -3, -1, -6, -8, 7, 1, -3, -3, 3], [0, 8, 3, 3, -9, 8, -2, 6, 6, 9, 3, 6, 9, 3, 7, 7, -7, 4], [-2, 3, 1, 5, -9, -10, -6, 2, 7, -5, -9, -3, 5, -7, -6, -3, 7], [7, -7, -4, -8, 4, -2, -5, 0, 10, 9, -9, -7, 0, -4, -8, -1], [0, 7, 10, -1, 1, -5, 0, -3, 10, 4, 5, -4, 7, 0, 5], [4, 2, 10, 1, -9, 7, -1, 0, -4, 8, 6, -10, -8, 8], [1, -2, 8, -1, 6, -8, -6, 6, -2, -5, 3, 5, 2], [-1, 9, -2, -9, 6, -9, -6, 4, 5, -5, -7, 0], [-5, -7, -3, 9, -3, 1, 5, -7, 2, 5, -8], [0, 3, 0, 2, 3, 0, 7, 2, -8, 2], [-3, -6, 10, -8, -1, 1, 10, 0, -1], [7, -3, -10, 2, 3, -7, 8, 6], [1, -3, 0, 5, -7, 7, -1], [5, 0, 5, -1, -4, -9], [0, 7, -7, 5, 7], [5, 4, 8, 6], [1, 10, -2], [6, 6], [7]]
25.197266666666664
Tabla número 28
[[3, -9, -3, 9, 7, -10, 1, 1, 2, -5, 0, 6, -6, -2, -1, -5, 1, 0, -1, -2], [2, 4, -3, 5, 1, 4, 9, -10, 4, 0, -2, -10, 10, 0, 0, -9, 0, 3, 5], [-2, 3, -6, 5, -10, 10, 0, -2, 9, -7, 1, -6, 9, 2, 0, 0, 1, 8], [2, -8, 8, 3, 8, 7, -10, 0, -2, -9, -6, 5, -8, -2, 6, -2, 9], [-6, -9, -6, -4, 6, 8, 10, -1, 7, 10, -9, -4, -7, -1, 6, 2], [0, 0, 3, 10, -6, 10, -10, -2, -3, 0, 4, -7, 2, 7, 9], [-6, 8, -9, 5, 2, 1, 5, -10, 4, 8, 0, -5, -10, -6], [-7, 2, 10, 6, 8, -6, 1, 3, -4, 5, -6, -10, 9], [-6, -6, -2, -3, -7, -5, 0, 7, 0, 9, 9, 10], [-4, 9, -8, 1, -5, 0, 7, 7, -7, -6, 0], [-9, -5, -8, -7, 4, 10, -1, 0, -3, -3], [9, -9, -6, 7, 0, 9, 9, 4, 9], [9, 9, 0, 8, 1, -10, -3, 5], [-4, 5, -2, -2, -9, 5, 9], [0, 2, 1, 10, 10, 9], [-5, -9, 3, 8, -4], [6, 4, 7, 2], [-8, 1, 10], [-8, -3], [3]]
24.749599999999997
Tabla número 29
[[8, -10, -6, -9, -9, 4, 6, 9, 1, 5, -6, 0, 3, -2, -2, 6, -2, -4, -10, 2], [7, 5, -6, 1, -1, -8, -6, -8, -3, 10, 0, 10, -8, -6, -9, -6, 6, -6, -4], [-8, 10, 0, -8, -1, 9, 8, -10, -2, 9, 6, -2, 6, -7, -4, 2, -2, -9], [-4, -6, 1, -1, -3, 3, -4, -9, -3, -10, 4, 4, 0, -6, 0, 4, 7], [-3, -2, 1, 2, 7, 7, 3, 3, -4, 8, 3, -9, -8, -3, 0, -3], [-4, 2, 2, -9, -5, -2, 4, 8, -10, 10, -2, 4, 7, -4, -2], [-6, -9, -8, 8, 4, -10, -8, -10, -9, -7, -2, -1, -6, -1], [9, 7, -6, -3, -10, 6, -4, 10, 7, -7, -10, 4, -10], [-1, 10, 9, 0, 0, 2, 2, 2, 0, 9, 3, 6], [-1, 5, -3, 0, 4, 8, 5, 4, -2, -2, -8], [8, 0, 3, -7, -1, -2, 1, -4, 1, 5], [-8, 7, 4, 2, -5, -7, 0, -1, -6], [-10, -5, 2, -1, 0, 5, 0, 2], [3, 0, 9, 3, 0, 10, -8], [9, 9, -1, 0, 7, -9], [-8, 0, -7, -1, 6], [1, -1, 10, -2], [10, 4, 4], [10, 0], [-9]]
24.585066666666663
Tabla número 30
[[0, 9, -4, 6, 1, -9, -8, -8, 10, 9, -10, -1, -1, 8, 3, 2, 5, -6, 9, 3], [-1, -3, 1, 0, 7, 10, 1, 10, 0, 0, 9, 9, -6, 4, -8, 6, 1, 0, 3], [6, -5, -4, -6, 1, -10, 8, 0, -1, 6, -2, -6, 0, 2, 5, -5, 1, -3], [-1, 4, 9, -5, 7, -7, 5, 9, 0, 10, 7, -4, -7, -7, -9, -8, -3], [-10, -7, 2, 2, -8, -6, 0, 8, 1, -10, -2, 9, 0, -9, -9, -2], [3, -5, -6, 6, -9, 5, -1, 3, 7, 7, -2, 7, 4, -8, -10], [7, -10, -5, -3, -9, 0, -4, 2, -4, -9, 7, 7, 0, 5], [-8, 6, -10, -8, -5, -2, -7, 2, 0, -1, 10, 6, 0], [-10, -2, -2, -4, 5, -2, -5, 6, 5, -7, 5, 1], [3, -6, -5, 1, -9, 6, -9, 6, -2, -4, -6], [-10, -6, 8, 10, 0, 4, 0, -9, 9, -1], [1, 0, 2, 0, 5, 0, 8, 10, -8], [-8, 9, 3, -4, 5, 10, -6, -9], [-6, 0, 6, 1, -1, -10, -7], [-6, 2, 2, 6, 5, 3], [4, -9, 10, -10, -6], [-4, 0, -2, 9], [-9, 9, -7], [4, 6], [-10]]
24.75693333333333
Tabla número 31
[[-6, 6, 10, -4, 4, 6, -8, -9, -4, 10, 0, -2, 0, 4, 2, 6, 2, -9, 0, 8], [-9, -5, 2, 2, 1, 4, -5, 3, -9, 5, 5, 6, 1, 2, 8, 6, 2, 1, 10], [6, 3, -6, 7, -7, 3, -6, -4, -2, -7, 10, -1, 0, -4, 9, 8, 2, -7], [9, -9, 9, -9, 5, 2, -7, 3, 6, 5, 6, 4, 1, -3, 7, 7, -5], [-7, 1, -8, 9, -4, -3, -7, 7, 8, -8, -8, 2, -6, 2, 0, 0], [6, -1, 4, 4, -6, 0, 9, -9, -8, 4, 0, 3, -1, 1, 3], [-1, -8, -6, -7, 2, 4, -6, 0, -2, 9, 4, 8, -5, 2], [-10, 5, 6, -9, -10, -2, -10, 8, 0, 9, 2, 4, -3], [-8, 5, 6, 9, 6, -9, 0, 0, -10, -6, 0, 0], [3, 0, 0, 5, 2, 2, -1, 4, 1, -9, 3], [-10, -3, 5, 9, 0, 3, -8, -1, -2, 1], [-1, 10, -5, -8, -4, 7, -4, 5, -9], [10, 6, 5, -10, 1, -2, 10, 0], [2, -10, -3, -5, 10, -4, 4], [7, -1, 6, 4, 0, 3], [-7, -2, -2, 1, -3], [7, 0, 9, -10], [1, -4, 8], [10, -8], [-9]]
24.333266666666663
Tabla número 32
[[-8, 0, 3, -3, 8, -1, -10, 9, -9, -9, -4, 3, 10, -10, 1, 0, 0, 4, -9, -4], [4, 7, -9, -9, -9, -1, 3, 1, 8, -10, -10, -4, 9, 1, 7, 3, 10, 10, -2], [-4, -4, 9, 3, 4, -1, -4, -6, 4, 0, 4, 2, -5, -6, -4, 0, 0, -6], [5, -4, 10, 7, 4, -5, -8, -1, -3, 1, 10, -4, 8, -8, -8, 0, 0], [5, 4, 3, -9, 1, 0, 1, 2, -1, 5, 8, 9, -1, 2, 0, 3], [-5, 10, -10, 1, -3, 7, 8, 10, 5, 5, 3, 7, 0, -3, 2], [10, 9, -8, 1, -5, 3, 4, -6, 10, 7, 1, -9, -4, -4], [-2, -4, -3, -2, 6, 6, 10, 0, -10, -8, 4, 5, 2], [9, -3, -5, -1, 4, -1, -8, -2, 0, -7, 0, 0], [10, 2, -8, 3, -2, -10, -6, 1, 3, 8, 3], [7, 10, 10, -5, -10, 6, -10, 0, -6, 8], [7, 6, 9, -8, -7, -8, 10, -5, -2], [10, 7, -7, 9, -1, -4, -5, 5], [8, 6, 5, -5, 5, 0, -4], [0, -1, -4, -1, 7, 5], [9, 10, -3, -10, 1], [10, -6, -8, 7], [7, -7, 9], [-4, 10], [-6]]
24.894000000000002
Tabla número 33
[[10, -6, 7, -8, -2, -10, 10, 4, 2, 0, -2, 0, 7, 0, 6, 2, 1, 4, 9, 0], [-1, 2, 5, -8, 4, 10, 5, 4, -10, -2, -7, 8, -10, -2, 0, -10, 6, -2, -10], [-6, -5, -4, 8, 9, -8, -8, 5, 8, -2, -6, 6, 3, 0, 3, 3, -5, -7], [-8, -2, 9, 4, -3, 0, -7, -2, 0, -4, 5, 3, -4, 4, -8, 0, 10], [1, 3, -5, 8, 1, 10, -9, -5, -3, -8, -8, 0, -5, -5, -10, 0], [-2, -9, -9, 7, -4, -8, -2, 3, 6, 7, -7, -1, -5, 3, 8], [-1, -2, 3, -4, 4, 1, -5, 4, 1, 4, 1, 4, -1, -9], [8, 5, 1, -2, 0, -9, 1, -8, 0, -8, 9, 5, 7], [2, 8, -10, -2, -2, 6, 6, 2, -3, 10, -8, 5], [-6, -10, 0, 2, 3, 3, -5, 8, -2, 2, 1], [-6, 2, -1, 1, 2, 0, -9, 0, 5, -4], [1, 0, 6, -5, -7, 4, 8, -7, 8], [0, -3, -3, 8, 0, -7, -3, -8], [5, -8, 0, 9, 0, 6, 4], [-1, -4, 1, 9, 0, -9], [-9, 7, -2, 9, 0], [0, 5, 4, -1], [4, 4, -10], [-4, 5], [-5]]
25.049
Tabla número 34
[[3, -3, -10, -2, -9, 2, -3, 6, -9, -3, 6, -9, 0, 4, 2, 1, 0, 10, 1, 2], [8, -2, 6, 7, 2, -8, -7, -10, -5, -9, 8, 9, 10, 9, 6, 4, 8, 6, -3], [-2, 5, -4, 5, -8, -2, -3, -7, -3, 3, -7, -10, 0, -5, 10, -10, -8, 10], [4, 1, 7, 3, -10, 3, -4, 9, 9, -1, 3, 7, 0, 2, 6, -2, -5], [2, -7, -5, 6, 8, 7, 3, -7, 5, 2, -3, -8, 1, 8, -6, 8], [-3, -5, 1, -4, -4, 1, 5, 7, 0, 10, 10, -10, -8, 7, 8], [-7, -9, 1, 8, -7, 2, -2, 0, 5, 2, -7, -8, -8, 9], [1, 10, 0, -7, 0, 3, 1, -2, -10, 4, 5, -9, 8], [0, -4, 10, -10, -1, 10, 2, 8, 0, -2, 0, 8], [10, 4, -1, -2, 9, 2, -9, -4, 9, 9, -5], [3, 9, -5, 2, 4, 5, 0, -7, -3, 5], [-7, -7, 8, 2, -7, 6, 3, -3, 5], [-5, 9, 10, 3, 5, 1, -1, 2], [-7, 2, 0, 3, 1, 0, -3], [-2, -10, 9, 2, -2, -3], [-8, -3, -4, 0, 10], [6, 5, -4, -9], [-6, 6, -5], [-5, 7], [-1]]
27.21526666666666
Tabla número 35
[[-3, 4, -1, -9, 9, 8, 9, -4, 4, -10, -1, -7, -8, 3, -4, -10, -3, -6, 4, -7], [10, 10, 0, -1, 3, 5, -3, 1, 6, -1, 2, 3, 0, 0, 4, 0, 0, -7, 0], [-10, 7, 5, 1, 1, -9, -3, -7, 1, 6, -8, -3, 1, 9, -7, -5, 10, 3], [8, 2, -1, 2, -7, 6, -4, -2, 5, -2, -8, 9, 0, 4, -8, -7, -8], [1, -1, 8, 9, -5, 0, -7, -4, 6, -1, 7, -7, -6, -6, 6, -7], [7, -1, -6, 6, -3, -9, 9, -10, 1, 4, 10, 5, 0, -4, -2], [-2, 10, -1, 0, 3, 6, 2, 5, 9, 1, -8, 2, -8, 8], [-8, 6, -2, 8, 0, 4, 6, -7, 2, -1, -10, 7, 10], [-3, 0, 7, 2, 3, 10, 6, 2, -8, 5, 7, 7], [-2, 5, 8, -5, 10, 0, 2, 0, -2, 4, -7], [9, 7, 10, 1, 7, 2, -5, 8, -10, 7], [-9, 10, 6, 6, 1, -6, -9, 8, 10], [0, 7, 3, -9, -6, 1, 0, 9], [-10, 10, 10, -1, -10, 0, 10], [8, 4, 9, -7, 10, 8], [-4, -7, -1, 2, 3], [3, 0, -7, -7], [2, 10, -8], [-10, 2], [-6]]
24.2322
Tabla número 36
[[0, -3, 5, -9, 6, -3, 9, 0, -4, -1, 9, -10, 2, 0, 0, 6, 8, -5, 7, -1], [-6, 7, 4, 10, -8, -3, -8, 4, 4, 7, -8, -5, -7, 4, 0, 1, 2, -3, -1], [-1, -1, 7, -10, -3, -9, -3, -9, 8, 9, -5, -9, -6, 10, 2, -10, -5, 3], [2, -6, -10, -1, 7, 8, -7, -6, 3, -7, -5, -5, -1, 10, 10, 8, 4], [6, 1, 9, 1, 7, 0, 6, -2, 2, -5, -6, 8, 3, 4, 4, 6], [2, 7, 4, 4, 2, 4, 0, -6, 5, -9, -4, -1, 3, -5, 0], [-5, 1, 4, 9, -2, -4, -10, 7, 3, -1, -10, -4, 2, -2], [0, -4, 1, -4, 10, 6, 0, 7, -7, 10, -9, -3, 0], [-6, -7, 4, -8, 4, -3, -8, 8, 0, 0, -8, -7], [-8, -9, 0, 9, -6, 6, -7, 10, -7, 4, -4], [4, 1, 8, -5, -1, -4, -4, -6, -7, -3], [-1, -6, 9, 1, -2, -9, 1, -7, 3], [-2, 7, 6, 3, 5, -8, 3, 7], [-8, -10, -3, -4, 4, -4, -4], [-2, -1, 0, -6, -5, 10], [5, -5, -10, 5, -10], [5, -5, 2, -2], [9, 5, -2], [1, -6], [2]]
26.134466666666665
Tabla número 37
[[3, 3, -5, -1, 4, 7, -6, 4, -1, 10, -10, 3, 7, 6, 9, 8, -5, 9, -6, 6], [-5, 4, -5, 10, 2, 10, 2, 9, -5, 3, -1, -5, 10, -5, -7, 6, -2, -10, -3], [8, 7, -6, 5, -4, -4, -4, -1, -5, 7, -10, -2, 3, 0, 0, -5, -3, -4], [4, -6, -2, 6, -10, 6, -8, -3, 7, -9, 5, 9, 0, -4, 8, -6, -5], [-9, 8, 6, 4, 6, 3, -4, 5, -5, 2, -6, 7, -2, -5, 8, 0], [4, -9, -6, 4, 4, 10, 0, 0, -5, -2, 1, 1, 0, -8, 5], [-8, -4, -5, -9, -6, -6, -5, -3, 1, -5, 9, -5, -4, 4], [2, -10, -10, -7, -3, -3, 9, 0, -3, -6, 0, 1, 3], [-8, -6, -5, 0, 9, 5, 2, -6, 5, -4, -8, 7], [5, 3, 6, -6, -8, -1, 0, 9, -10, 3, 6], [-2, 0, -1, 5, 0, 6, 1, -7, 3, 10], [9, 10, 3, 4, 0, -5, 7, -8, 0], [4, 6, 2, -2, -8, -6, 8, -3], [-6, -2, 7, -8, 6, 9, 4], [-5, 3, 6, 0, 10, 7], [9, -3, -8, 6, -10], [-8, 0, -9, 6], [-3, 9, -3], [1, 0], [-10]]
24.363333333333337
Tabla número 38
[[0, 9, 6, -3, 0, 3, 3, 5, -7, 10, 5, 10, -3, -6, 2, -2, -5, 6, 6, 0], [-2, -6, 1, -6, 2, 10, -2, 4, 0, -3, -1, -2, 6, -9, 2, 5, 6, -7, 2], [7, 4, -2, 5, 3, 10, 1, 4, 7, -8, -5, -1, 4, 10, -9, -9, 1, -6], [9, 5, -2, 4, -2, 10, 10, 0, 5, -1, 2, 0, 1, 6, 4, -5, -5], [-2, 2, 4, 2, -2, 7, 6, 10, 6, 0, -3, 0, 4, 6, 8, 7], [-5, -1, -4, 9, -7, -7, 1, 1, 3, -7, -10, -8, -8, -9, 9], [-4, -6, 8, -2, 2, -6, 10, -9, 1, 0, -8, 6, 6, -3], [4, 2, 9, -3, -2, -4, 8, 10, 9, 9, 1, 8, 3], [9, -2, 4, 3, 2, -10, 7, 4, 3, -10, -5, 2], [0, 2, -4, -7, 2, 5, -10, 5, -7, -1, -3], [2, 5, 1, 10, 1, 3, -7, 7, 10, -6], [3, -9, -2, 4, -6, -3, 1, 6, -8], [2, -6, -9, 6, 6, 2, -9, -1], [-1, 1, -3, 0, 1, 2, -10], [10, 0, 0, -10, 3, -2], [-2, 5, -8, -8, 1], [2, -8, 9, -8], [-9, -5, 0], [10, -2], [3]]
26.132404339387293
Tabla número 39
[[-7, -7, 4, 7, -10, 5, 5, -3, -1, -8, -7, -7, 0, 0, -10, -2, -6, 0, -2, 0], [-3, 1, 1, 8, 3, -8, 6, 5, 4, -2, 6, 5, 5, -1, -7, -2, -10, -8, 0], [-2, 1, 8, 4, 8, -1, -8, 9, 0, -7, 2, 0, -8, 8, -9, 8, -5, -1], [-4, -2, 3, 4, -9, -10, 4, 9, 3, 1, -1, -3, -7, 0, 10, -7, 7], [-7, -8, 3, 3, 4, -3, -5, -7, 6, -8, -4, 9, 0, 6, 2, 3], [1, 7, -3, 1, -7, -9, -9, 9, -1, -8, 0, 10, -7, -10, -5], [10, -10, 2, -5, -1, 10, 0, 2, -9, 4, 0, 9, 0, -2], [8, -4, -4, 8, 9, -7, 9, 2, 10, -10, 4, -2, -6], [-9, 3, -4, -1, 1, -1, 0, -6, -9, -6, 0, -4], [-7, 5, -10, 1, -5, -9, 6, 0, 7, 5, 3], [-6, -7, 7, -7, -4, 2, -7, 0, -7, -6], [-1, 2, -3, 10, 0, 10, 3, 1, 6], [6, 8, 3, 0, 6, -10, 3, 8], [9, 0, 7, -7, -1, 1, -8], [6, -5, -3, -10, -9, 4], [1, -4, -9, -1, -2], [10, 2, 4, 8], [9, 4, 1], [-7, 10], [-10]]
26.933604339387287
